$ANSIBLE_VAULT;1.1;AES256
63313031393966633165386138656464623134343866326465383266646434306438383035373130
3261363162323034643532383030336666353934373566370a333531363037333933316439303639
63323037353531343134313563656433623939356331356534366161346635323830386263383161
6165623664353336660a343130666630313539383537623462336438356265396561666531366532
62646334316236333161393833356339396531386638363064653263393330346361613434316539
38313230643866663034623062376539663765653534333838623461663535313366386364663466
61353039343233623935333533323763346531353563643438306465343562633833633838306164
33393039666666616662643261383736303639366130323733313832303564353332346331633565
65656361636537313330393133326666356461323230626462623862646262333037646433636338
37353939626462353631633263323061656133343130653535643631376666643433633831386638
32383665643736633563646533366239363932303362306363653039383662616466363539353666
36363262346362666131396339393661366161396432353436326435663533663361343432333461
31656633376165643737373438393131316665623937663264383833643933633436383362626532
39346237343462316133313264643064393238393532353964366434336564323063333363643863
63333462326465343333663864346337383630373764353765356630653236376535393535636531
30326136626264633361393437386339363732343662306331313034336534393663663836616535
39373261626265646165353436613238396239306664396135353662653435616137336234643065
32643161373330653131303935396337383466333966616539633236613762306432633965333136
39326465333366373466376633616434663862353237376662356337646636343961636237326230
35363530343262633431326339323735646366346438326236303536373933346362656464343935
33316362633037663633333432653436316235613662386333376231303831383561313239353933
34326665313439633363653936336535303764646539343162393166383561353963316165333231
36393933313164633231376462653939393965633036656666343236343431373163303764376531
62346133623865363035383334326138653164393430613630643565343636353435656162393934
62616633356265316230373231623932393432393562346538333633326165323063373738376166
32306638336236323736346536363662346161613339616162303733633736626635373664353166
34633732316263313231313238363837626338393062343031313861646433623838343834636636
63373466633839653462636234626237353835666166633261356531343234363430376461613739
61393438616661356364626233623965666566333639316339373063343636646339646437306662
39303161663332366637316566643931666132306137393338646333343330656632316636636262
64353630333939393633396236636537666161323262353739323539626661396336383331306434
32313137363962363561613266383263356434363763376339343533373134323138323332383330
65316138393238306163336339383032636538653738613430366232643030316230633138396335
34336164343338666432663237636237353563663537666638643930396638373136303362643361
64383036303537353734613564313030353239373333323732333761346362333761613334366566
39393361386437383961373065343765396564633464643137663634613064653238386661313963
39363839636664633639386633373665656666653762663430386230366136643264623365653564
63386236633363356633653166383362633163363361373463336432343935373161353437636131
33336264316139613138653838346233323866393538353930343934663132626463633739383032
34353130303639333633373234313664326362303664376134643137353234643638316563626235
64646433636661396164346334396363656364346135343063623466643864316334333862643563
30663333643333343530386233333266383034323064626432623764363338383438323931653434
63366263643232303131653832363061633530626164333937666234623164626661363166333265
64393062383662386134326263623630653364653465313831663032363531656633373538313439
63356432323030353436666637613864363463643634343934623561616331623131613961363332
66373830303661306662636230343962373933336262363938366561313663323862376464343830
35313437643438353839376430633261643030366239336361393533633234653637613966353231
38383833303738633332353964336337376264366131623632316335633734396636336336616331
63363363316162336261353234373432346432653532306532613564323165383163393663326634
30383635363564666432643735353539303034353332663838633563626230626264303562383735
31616465353638393236363463303663333637393434363436376231653364376466613839353636
31393735633461356230386436393762303366376662373033363337333466623431336235363835
32633938373733343930623233386164633437366139336139346635393738336231346232636565
65656435366133613137316333333866363431653764666266663861373537353839643962383639
64343233666663623663343234633766653230356263623563333137326230303235393933393761
31363831346636393361653233333464343334346162323134616664343335363533303465653533
30616239353133653762303835363738356539613339356165396331336362363832366535363533
61633963643734353563313361316237313165613236386535323966663633313133636262643739
66386639343263623236316632376336623730366333363131643666346463363465313466636539
36303063323435626562333131386235366163363437383735633563303339333262636235633937
36343461613633346232396139653037326531316439303438353662323232313563663937616136
38616335373730353937623535643565316332336233313030616238306264346433396335323961
30616262633135643936646636613536353466396262306535383933656564623961303462646439
33376161383530393436326632393534383864656663323230303430666263363961366536313830
64343832333765303165653066353339313962346230353837623765306636613639356362383739
63373833663866353737623165366630393231373930663235656131396537383532653533663839
30643031373736666536373231306137303462613832636534373234653231303131343638366539
64363965376130626565303736306433383430303431363565623364623036356433663862633035
32346539653538366361636437363165303737633335376636376534376630363633373732666461
31616231346162333239343162626161636164303330633164393033356334653735653734353739
35303535363939633630366164633339613334373030316636373231356630666330343937306239
63303232396238396264316436363437356232653438346632663934316366626334633933323864
35653134663066626262376261373961353666383834333436363033363539323935383638653737
63633332646336373636353862333165393936623435386331356335613062313735323262663761
31386631656164313432373039323066626463366338616464616465326166646262313239316637
62396438656234343861643764393839626463633137646230323530306161333934663134393966
65326537303130316265366132623532616263326438633562333830393033633162653166313136
32333233356134396262396536666162643661343366326638613161613534316364656430626532
35613366393733656635303539323362666630303537316530363966313665666165326630653132
35313834393036663133363163393437653937346630636239363937306633333366333235366661
35393461333763323738626663666534366437613765626438363236653266343332313630633766
65346466356663363164353532386531373835643662336364353030333466313835636131613031
30393361343439306663396364633366386632363936333365363430353837643436313139306136
34343563313233303132383531653335616632616563656464633033396635313932343934626232
65626262643734663466383661316630326561313364646337326131376662633564376562633463
31343736353831613639386235616661386664636561636231303534663765343330346235343034
33353464323630336534393261323433336463376231323865333437626136653033663634613965
38323030356430633763623031643330633234393939353331346232343737663564313764663465
30653530353931333533646332313331323862363564313237656637663562623261613836386161
62323338376136613730313132373031306665366334373363333638353934316533623133346336
30313366376131363432383231326232316534323732306632353233616465633531336663306430
34303630313034343862343163656430363939636465646161643366656562623337336138333666
39343163663930626565663661356133376232663333616462346331396437373965616663633464
62383265643566333435623531626436333336303836393730646535363533663733646131323232
35326562373936333830333764626133343166626430323362653933353062643161363331633634
65653834643663393931346363316139666631663961343164303833636234643064383866653537
37353539636238666466366437613462656632353866393137613035613862376330336438623334
62386230346233356437366461633531633130363336613130313531633834313064633164396238
37346664363766346237653633643931656631636462613034343262633338613936626237326463
65346531643936346564663534383234373265643237653532316164316537656435613331616335
66353336613337643834623333666666333566343137336264303937623832646232653032343164
31646131383037666335313466376462643934346665313636333465636465616630663038376262
30633065343434353432323162303632636434363539636261303763363261653765393031316566
62353062663635353433663464356438303064396535306262316539653365623536646363633162
33326631613330386439366338346539393061303961666537643631643634353936366635666439
39346330623761643633626133623962616165353630343232363533333332636366633962333933
66363263663934376432326366313963376663346632373262366134343732643833623137333762
61653339316136383233383139616364336266306161383863306663386631343332653634626437
32373164363539373463383662613465303233613337626136616365646132663062383837643634
64316264653330303837633835383139306666363534356231343831303064306237616533663134
39366665626565353232373739623639643438346234633038353862316436353130303361363030
39356261313765343663623938303730306338313836666638643765386132303939376139666533
31643661633161356131306132653531316633356534643064353763356662646432643865306639
36353961306332646362646561333933663331613533373934323430636635353131393466613636
33383334383836383939323536303365376433643465626534343162373138316438346163633333
65396261353961353366363566656234336463653237626134383763613138366463373363366261
62643331663438643866363231656463633962333233303634636262636665323039316336316632
65613561396231623739383434303033663739306634653033613535663733353435336263616331
34393934653234653937646136376661663661633362303834366532346538656466303535656635
34383234333866626563646462383163303064373339383239346136663734303732363866363061
32653162383731663962303762663432666364363636623632653365303330346639343235346230
33643937383764383361626665353132373831656530663234396264323362323032336537306435
64306337383231616366363062373065353039633661393631396539363733383132393033396338
39363930343166393639396263316333333034653062623032613337653131353639343966643933
39643139373930316231376430633338333766336334616233613536643531353632623062396561
36346336623062383432356666383766306534343663653039663134346130326234343736363539
64396363646665363366366364373564616365353130613137663765663266656465323566333863
64356566303332306265633639376138376633383631343664613430363838373266313931616635
38653532663435396135326366333034363730663564373434643938653233363338636663633864
31333835376237633737343166636161383830346662633961386331386436393039306132326461
66356361333933313363393265653364363263666432393130316234663066303935376135373065
37613162663539613835623235656335623634313836643865623665343734633230393131306266
36663066393132396335313435636237316261636261303435653165303961323330383233616337
36336361626235333931643233356364653936343334646466343030333166343661313239323739
646237353030646632353064326239623039
